#USM00072501 1994 09 03 00 2314   71   1244-99999-99999-99999-99999-99999 70299  3098 83097  1739-99999-99999-99999-99999    12    15     3    29-99999-99999
 102470      20      20    2922     -54    2901      54    2931    2911    8761   22066     400     397     446      20      36     -17     -89     310
 101800      76      76    2919     -39    2904      59    2928    2914    9134   21656     425     422    -503      22      33     -22    -131     311
 100000     229     228    2913     -94    2913       3    2920    2920    7191   20855     347     345     156      27      -5     -42     -32     298
  92500     888     886    2851     -93    2915       5    2858    2922    6271   13985     449     448     191      24     -20     -63      20     281
  90270    1092    1091    2832     -80    2916      13    2839    2923    6003   12325     490     487    -487      20       0     -59      40     275
  88650    1242    1242    2820     -95    2918       3    2825    2924    4705   11368     417     414     260      20      20     -53       9     266
  85000    1588    1587    2787     -81    2919      18    2792    2925    4566    9066     505     504      53      27      13     -50     -30     259
  78650    2216    2215    2736     -41    2930      61    2740    2935    3389    6313     536     537    -837      35     -20     -69       0     240
  78170    2265    2265    2734      69    2933     178    2738    2937    3087    6223     499     496   -2812      34       0     -69       0     237
  77200    2366    2365    2741      85    2951     191    2742    2953    1385    6545     211     212    -851      34      43     -69      21     225
  76750    2413    2413    2745       0    2960     107    2746    2962    1156    6736     170     172     -57      36      46     -68      31     223
  74290    2674    2675    2745     -23    2988      80    2746    2989    1059    6736     156     157     -11      48     103     -60      29     215
  71130    3023    3023    2737     -48    3016      60    2738    3018     970    6358     153     153    1434      84     108     -50      60     207
  70400    3106    3106    2733     -87    3021       0    2735    3024    1682    6176     275     272    3043      93     130     -45      22     208
  70000    3152    3152    2729     -50    3021      54    2732    3025    2471    5999     412     412    -228      99     122     -44      65     211
  65410    3691    3691    2702     -56    3050      48    2704    3053    1420    4917     288     289   -1024     165       0      -9      71     195
  64380    3817    3816    2695     -55    3056      50    2696    3057     748    4666     160     160     -37     165       7       0     -52     189
  60730    4275    4275    2670     -29    3079      76    2670    3080     552    3861     141     143       6     168     159     -24    -147     179
  59420    4445    4445    2665      79    3092     206    2665    3093     536    3716     141     144      -8     195     206     -49    -151     176
  58470    4571    4571    2675       0    3118     117    2675    3119     573    4011     141     143      72     221     144     -68       0     173
  57650    4682    4682    2675     -73    3131      29    2676    3132     605    4011     151     151     218     237      48     -68      16     170
  51630    5536    5535    2613     -66    3156      37    2614    3158     833    2470     339     337    -115     278      66     -54      29     158
  50000    5780    5781    2597     -82    3165      21    2598    3167     670    2170     308     309      99     294      30     -47      43     153
  48490    6013    6012    2578      10    3170     133    2579    3172     616    1857     335     332   -1495     301     -48     -37      10     149
  47820    6118    6118    2579     -80    3184      22    2579    3185     328    1872     171     175      21     296      31     -36     -23     146
  42360    7020    7020    2507     -36    3204      81    2507    3205     196    1013     191     194     -55     324     136     -57      -7     132
  40000    7440    7439    2492     -41    3238      73    2492    3238     151     887     167     171     -16     381     106     -60     103     125
  37670    7876    7876    2474     -96    3270       2    2474    3270     124     754     159     164      14     427     -26     -15      14     119
  34760    8451    8452    2419     -80    3271      24    2419    3272      78     452     165     172      20     412      32      -7      53     112
  30000    9476    9476    2337     -94    3296       6    2337    3297      38     200     183     192      81     445      94      47      10     100
  28670    9784    9784    2308     -18    3298     110    2308    3298      32     148     207     217      92     474      64      50       9      97
  28210    9893    9893    2306     -82    3310      22    2306    3310      33     145     212     227      16     481      22      51      82      95
  26910   10210   10210    2280     -61    3317      53    2280    3318      25     110     218     232      -4     488     -16      77     125      92
  25000   10698   10698    2250     -38    3343      90    2250    3343      18      79     216     230     -17     480     -31     138     -49      86
  22620   11353   11353    2225     -73    3402      38    2225    3402      13      59     203     219      24     460     -63     106      15      79
  20000   12144   12144    2167     -72    3432      46    2167    3432       7      30     216     238      20     410     -85     118      72      72
  19520   12297   12298    2156     -29    3439     109    2156    3439       6      26     218     241       0     397       6     129      26      70
  18580   12608   12608    2147      -4    3473     152    2147    3473       6      23     218     241      -4     399      63     137      22      67
  17930   12832   12832    2146      34    3507     214    2146    3507       6      23     217     240     -10     413      24     142     -75      65
  17110   13127   13127    2156      -4    3570     159    2156    3571       6      26     215     237      -5     420     -30     120     -60      62
  15000   13956   13957    2153      49    3702     253    2153    3702       6      25     208     233     -33     395     -78      70     -41      54
  14430   14201   14201    2165       5    3764     181    2165    3764       7      29     205     225      -7     376     -83      60     -44      52
  13530   14609   14609    2167     -51    3838      80    2167    3838       7      30     202     222       0     342     -85      42     -45      49
  13160   14785   14784    2158      30    3852     230    2158    3852       6      27     202     222       0     327     -93      34     -48      47
  12610   15055   15055    2166     -39    3914     107    2166    3914       7      29     201     222       2     302    -107      21     -28      45
  11450   15663   15663    2142     -24    3979     137    2142    3979       5      22     201     223       4     237     -92       4      13      42
  10640   16122   16122    2131      34    4042     254    2131    4042       4      19     202     225      17     195     -42      10       0      39
  10440   16240   16240    2135     -48    4072      93    2135    4072       5      20     202     227       4     190     -22      10      33      38
  10000   16509   16508    2122     -34    4097     125    2122    4097       4      17     203     228       5     184      -5      19      34      37
   9670   16717   16717    2115      41    4123     270    2115    4123       4      16     203     229      -8     183       0      26       0      36
   9480   16839   16840    2120     133    4156     460    2120    4156       4      17     203     228      -9     183       0      26      27      35
   9310   16952   16952    2135      34    4208     260    2135    4208       5      20     202     227     -28     183      28      29       6      34
   9050   17129   17129    2141     -28    4254     138    2141    4254       5      22     201     222       8     188     -25      30     -22      33
   8550   17485   17484    2131      40    4303     283    2131    4303       4      19     201     225     -13     179     -40      22     -58      31
   8250   17708   17708    2140     -58    4366      80    2140    4366       5      21     200     222       9     170     -64       9     -52      30
   7830   18034   18034    2121      57    4392     324    2121    4392       4      17     201     225      -9     149     -77      -8     -20      29
   7400   18386   18386    2141      -3    4506     201    2141    4506       5      22     198     222       0     122     -40     -15      20      27
   7000   18734   18734    2140      72    4576     367    2140    4576       5      21     198     222     -15     108     -39      -8      34      25
   6370   19330   19330    2183     -25    4795     162    2183    4795       8      36     192     213      -2      85     -10      12       3      23
   5560   20195   20194    2161      33    4935     302    2161    4935       6      28     191     211     -10      76     -22      15      19      20
   5000   20870   20870    2183      -9    5139     209    2183    5139       7      36     187     204       0      61     -21      28      -4      18
   4820   21104   21104    2181      76    5188     417    2181    5188       7      35     186     204     -10      56     -10      27     -10      17
   4540   21488   21488    2210     -13    5348     210    2210    5348      10      50     183     200      -2      52     -14      23     -18      16
   3810   22618   22618    2195      32    5585     337    2195    5585       8      42     178     198     -10      36     -37       3      -9      14
   3300   23547   23547    2225       0    5898     262    2225    5899      11      59     175     189       0       2     -37      -5       8      12
   3000   24168   24167    2225      17    6061     329    2225    6062      11      59     173     189      -5     -21     -13       0      10      11
   2090   26542   26542    2265     -17    6842     244    2265    6844      17      93     165     178      -3     -52       0      24       0       7
   2000   26833   26833    2260      -5    6913     288    2260    6915      16      88     163     177      -2     -52       0      24       0       7
   1770   27641   27640    2256      31    7146     422    2256    7148      15      84     163     175      -4     -52       9      24     -23       6
   1390   29255   29254    2306      -7    7827     313    2307    7832      24     145     158     169      -3     -38  -99999     -13  -99999       5
   1250   29971   29971    2301  -99999    8051  -99999    2302    8056      23     137     156     167  -99999  -99999  -99999  -99999  -99999       4